0.013
0.051
0.155
0.185
0.253
0.267
0.293
0.300
0.304
0.422
0.459
0.464
0.497
0.599
0.668
0.789
0.801
0.805
0.808
0.871
0.909
1.068
1.143
1.183
1.195
1.339
1.375
1.395
1.397
1.399
1.409
1.443
1.543
1.561
1.566
1.602
1.670
1.699
1.754
1.784
1.813
1.814
1.869
2.131
2.197
2.224
2.281
2.297
2.319
2.344
2.581
2.600
2.630
2.636
2.659
2.665
2.749
2.855
3.112
3.181
3.201
3.257
3.290
3.304
3.321
3.336
3.530
3.539
3.557
3.558
3.702
3.761
3.768
3.853
3.987
3.990
4.143
4.195
4.295
4.346
4.394
4.460
4.463
4.473
4.487
4.560
4.650
4.662
4.694
4.771
4.776
4.890
4.962
4.966
4.987
4.994
